13.8
12.4375
10.5
10.0
9.318181818181818
11.947368421052632
12.2
8.882352941176471
7.478260869565218
10.75
11.923076923076923
10.0
12.25
11.071428571428571
12.0
12.263157894736842
10.625
10.114285714285714
11.6
10.428571428571429
10.826086956521738
6.6521739130434785
11.631578947368421
10.533333333333333
11.791666666666666
10.3125
9.0
9.5
10.933333333333334
10.777777777777779
10.6
8.935483870967742
9.277777777777779
9.11111111111111
12.875
11.733333333333333
10.277777777777779
12.5
14.071428571428571
13.681818181818182
11.5
11.166666666666666
11.625
11.5625
13.0
9.75
8.285714285714286
11.916666666666666
8.323529411764707
8.785714285714286
8.142857142857142
10.727272727272727
11.785714285714286
9.066666666666666
10.88888888888889
11.5
10.454545454545455
8.785714285714286
16.454545454545453
10.222222222222221
9.866666666666667
9.285714285714286
11.5
11.272727272727273
17.333333333333332
11.615384615384615
9.222222222222221
10.846153846153847
10.19047619047619
7.8
10.421052631578947
9.8
12.05
11.176470588235293
11.590909090909092
11.36
10.571428571428571
8.714285714285714
8.36
9.473684210526315
10.95
11.357142857142858
10.7
10.882352941176471
13.333333333333334
11.285714285714286
9.714285714285714
12.375
9.357142857142858
12.23076923076923
12.588235294117647
9.0
8.842105263157896
9.666666666666666
11.384615384615385
10.153846153846153
11.0
12.0
7.866666666666666
10.75
9.666666666666666
17.25
11.714285714285714
9.92
9.0
13.142857142857142
11.583333333333334
11.5
8.7
9.266666666666667
10.083333333333334
9.444444444444445
10.428571428571429
9.391304347826088
9.652173913043478
11.0625
10.222222222222221
10.8
9.9
9.869565217391305
12.0
8.882352941176471
10.137931034482758
9.11111111111111
10.1
8.478260869565217
8.916666666666666
13.6
11.65
8.964285714285714
9.771428571428572
12.777777777777779
11.25
9.0
12.083333333333334
8.0
11.666666666666666
9.785714285714286
13.35
11.75
8.7
8.0
9.958333333333334
9.166666666666666
10.193548387096774
8.875
11.192307692307692
11.76923076923077
10.6
10.75
9.933333333333334
10.047619047619047
11.1
11.391304347826088
9.08
10.909090909090908
10.166666666666666
10.666666666666666
9.444444444444445
10.11111111111111
10.375
9.290322580645162
10.521739130434783
11.272727272727273
11.785714285714286
12.6
9.485714285714286
10.5
10.08695652173913
9.35
10.444444444444445
8.944444444444445
10.5
10.521739130434783
11.444444444444445
11.806451612903226
11.136363636363637
12.272727272727273
11.962962962962964
12.8
11.0
13.571428571428571
10.0
12.583333333333334
10.833333333333334
9.117647058823529
9.0625
9.571428571428571
11.875
8.615384615384615
10.846153846153847
7.266666666666667
11.625
8.933333333333334
8.615384615384615
10.521739130434783
8.416666666666666
10.041666666666666
12.444444444444445
9.6
8.928571428571429
8.333333333333334
11.130434782608695
10.5
11.4
9.857142857142858
10.307692307692308
14.7
10.555555555555555
8.0
10.285714285714286
10.0
10.041666666666666
11.3
13.384615384615385