10.705882352941176
11.23076923076923
8.071428571428571
8.44
6.5
9.72
9.0
9.833333333333334
9.45
11.727272727272727
13.0
11.8
8.0
8.75
11.928571428571429
10.125
4.5
11.875
9.758620689655173
6.6
6.0
11.458333333333334
7.645161290322581
9.470588235294118
11.166666666666666
9.695652173913043
9.857142857142858
9.703703703703704
9.461538461538462
10.444444444444445
9.0
9.0
5.333333333333333
10.222222222222221
8.363636363636363
9.833333333333334
7.6521739130434785
12.222222222222221
9.142857142857142
8.533333333333333
10.333333333333334
8.153846153846153
11.8
18.25
15.4
10.0
10.2
5.75
9.095238095238095
11.428571428571429
12.5
9.533333333333333
10.565217391304348
11.076923076923077
9.473684210526315
11.5
5.333333333333333
10.95
9.0
8.625
9.916666666666666
11.166666666666666
10.23076923076923
12.066666666666666
7.575757575757576
6.0
11.5
9.346153846153847
6.666666666666667
9.75
8.0
7.0
12.272727272727273
12.416666666666666
10.090909090909092
12.4
12.866666666666667
8.571428571428571
10.2
10.0
19.333333333333332
9.333333333333334
8.0
8.333333333333334
6.955555555555556
10.88888888888889
11.941176470588236
10.0
7.888888888888889
7.0
10.454545454545455
8.714285714285714
13.6
10.8
11.777777777777779
10.45
8.357142857142858
12.555555555555555
16.166666666666668
8.428571428571429
11.375
12.357142857142858
9.625
11.736842105263158
9.5625
8.714285714285714
8.6
10.666666666666666
12.470588235294118
7.916666666666667
12.0
11.380952380952381
11.176470588235293
10.444444444444445
10.666666666666666
9.071428571428571
9.727272727272727
10.454545454545455
7.8
8.928571428571429
12.0
13.0
8.0
13.0
8.866666666666667
9.411764705882353
10.833333333333334
12.421052631578947
8.0
10.625
11.5
13.428571428571429
14.5
10.307692307692308
12.2
8.75
9.266666666666667
8.882352941176471
9.2
9.0
13.047619047619047
10.666666666666666
6.333333333333333
10.0
9.166666666666666
10.6
19.666666666666668
9.875
9.909090909090908
11.5
11.0
8.0
10.5
6.2
5.5
9.5
9.8
10.444444444444445
9.535714285714286
10.5
9.88888888888889
11.777777777777779
7.764705882352941
8.2
7.0
9.2
11.142857142857142
9.833333333333334
7.444444444444445
9.923076923076923
9.615384615384615
8.521739130434783
10.833333333333334
8.764705882352942
9.6
11.0
9.125
12.2
9.590909090909092
7.954545454545454
9.583333333333334
8.31578947368421
9.565217391304348
12.4
9.333333333333334
7.333333333333333
9.764705882352942
8.2
11.384615384615385
11.0
7.2
4.666666666666667
5.0
10.035714285714286
11.8
10.266666666666667
11.727272727272727
11.0625
7.0
8.0
9.5
9.764705882352942
8.0
12.0
8.9
10.944444444444445
11.333333333333334
8.727272727272727
8.625
10.692307692307692
6.666666666666667
8.7
8.941176470588236
5.2
8.954545454545455
