-159.08404585894417
-170.35628392146185
-124.75539534432548
-147.22138847351073
-67.72237586975098
-148.70853721618653
-136.30375968085394
-150.2522447374132
-169.7970069885254
-201.03092921863902
-183.0897159576416
-191.0620905558268
-84.3586483001709
-111.58044298489888
-197.14530072893416
-142.8415412902832
-53.228718757629395
-184.84719562530518
-135.71584431878452
-70.86663131713867
-69.32369804382324
-165.46632544199625
-138.10278406450826
-140.06704330444336
-204.6981455485026
-142.57095867654553
-195.66256822858537
-183.3538222136321
-140.5930312230037
-159.32909520467123
-101.57167053222656
-147.7242431640625
-48.35529454549154
-151.14126502143012
-162.1663135181774
-193.22892634073892
-108.17102506886359
-244.1412319607205
-149.8153430393764
-121.37074190775553
-179.3393071492513
-125.93740008427547
-236.2847869873047
-249.4387321472168
-277.6005615234375
-172.69125652313232
-151.35627861022948
-112.86315536499023
-134.9929367247082
-198.43417412894112
-237.35853576660156
-124.44332122802734
-195.86325869352922
-198.2024207481971
-155.33886437667044
-198.06675720214844
-48.35529454549154
-189.24911727905274
-139.26104545593262
-131.88348877429962
-155.62309392293295
-182.1662222544352
-206.93541013277493
-187.6338912963867
-105.80390889716871
-140.6071653366089
-166.81068801879883
-142.09904303917517
-85.8073207007514
-139.80215460913521
-119.3870964050293
-52.48788070678711
-207.71817710182884
-169.32592264811197
-183.79406703602183
-252.98706245422363
-197.5700215657552
-138.00448989868164
-143.25142567952474
-125.48533725738525
-355.23359934488934
-140.259021864997
-104.73456192016602
-125.75961420271132
-107.62510600619846
-151.7484516567654
-197.6118760950425
-125.48533725738525
-141.5306142171224
-138.33748245239258
-146.64392297918147
-162.88131550380163
-331.93069915771486
-177.41358947753906
-214.80713314480252
-172.37853565216065
-158.22143295833044
-229.66810438368054
-260.3062858581543
-122.31922903515044
-236.63982486724854
-192.3231713431222
-192.12289810180664
-178.61637296174703
-143.33294987678528
-131.70872715541296
-140.4225746154785
-165.41440158420139
-220.50043038760916
-109.0651871363322
-251.08871754733
-204.10187303452264
-211.00574224135454
-163.36939748128256
-168.3869196573893
-171.38435881478446
-160.85530333085492
-182.03117925470525
-100.12038040161133
-137.12932402747018
-215.0621690750122
-200.4557647705078
-119.3870964050293
-183.0897159576416
-141.35956598917645
-127.49109492582433
-164.19580014546713
-187.70333019055818
-119.3870964050293
-202.95969581604004
-196.23405092412776
-179.5228489467076
-227.16011810302734
-165.4658707838792
-204.51679153442382
-121.95330929756165
-164.49103800455728
-122.77026378407197
-152.34270362854005
-110.31051381429036
-211.62649336315337
-178.38697073194714
-99.56466865539551
-152.68763133457728
-173.82582473754883
-215.2865951538086
-370.9252624511719
-178.31861305236816
-198.75885529951617
-171.74248123168945
-240.26028537750244
-119.3870964050293
-176.43152713775635
-118.06926193237305
-167.64525604248047
-190.6198444366455
-212.46716537475587
-177.6329231262207
-152.59237800325667
-158.8637375831604
-160.29615826076932
-247.05010308159723
-129.8390146143296
-130.67562408447264
-59.97554397583008
-150.67152481079103
-170.9609603881836
-161.4076681137085
-80.58551597595215
-145.20650892991287
-179.48804180438702
-116.05025764133619
-118.73025957743327
-145.52230700324563
-145.6381037394206
-167.82887197795668
-143.96230137348175
-218.66313781738282
-175.74913458390668
-104.74542886560613
-189.265843073527
-160.99496269226074
-202.51970307723334
-203.94353332519532
-174.80717298719617
-118.44926293690999
-127.65554944206687
-141.41337127685546
-240.04986513577975
-221.517329624721
-140.13282470703126
-49.1058152516683
-43.35054874420166
-155.47444636481148
-193.77334645589193
-157.76429951985676
-197.6182632446289
-172.59716129302979
-98.3587417602539
-119.3870964050293
-138.73324743906656
-161.2573906393612
-119.3870964050293
-177.4082883199056
-140.42095603942872
-173.33398734198676
-223.83453284369574
-137.18637795881793
-151.87165466944376
-195.8934801541842
-98.9940668741862
-139.1671323776245
-152.52667819752412
-65.92285461425782
-149.512001471086
