-256.8365966796875
-228.00978994369507
-194.50352382659912
-406.01470438639325
-141.58529676090586
-194.80536892539575
-183.18066635131837
-143.0362116869758
-102.14471286276112
-190.88642978668213
-186.208987896259
-194.8719909667969
-172.93135611216226
-209.25687531062536
-300.1654052734375
-196.46734518753854
-165.16660904884338
-132.70323044913155
-195.62960408528645
-223.42161233084542
-175.90398655767027
-70.90920605866805
-166.3123342614425
-175.7252426147461
-198.06757402420044
-174.109712600708
-145.56065034866333
-134.36568069458008
-149.65248107910156
-187.2112774319119
-165.95456670125324
-131.03793371877362
-143.20957607693143
-130.73345798916287
-172.16053676605225
-208.21861877441407
-196.10319434271918
-226.08629926045737
-255.10736410958427
-227.38113819469106
-185.16230719430106
-190.90814431508383
-192.30360507965088
-162.85801720619202
-239.9215202331543
-166.8538522720337
-136.20270374843054
-212.41800816853842
-124.68968138975255
-165.78781386784144
-120.71178854079474
-177.38997996937144
-206.3904081072126
-177.87574412027996
-168.48045603434244
-161.0795235104031
-155.27464317552972
-168.67994635445731
-249.34701919555664
-150.18004820081921
-135.0820760091146
-173.29994528634208
-203.8366559346517
-221.56524935635653
-300.6882960001628
-176.85697790292593
-151.47339630126953
-166.7379883986253
-171.4434120541527
-126.13979008992513
-162.26694869995117
-186.6730167388916
-197.38125743865967
-168.22656227560606
-210.30709214644
-183.15631317138673
-219.73505292619978
-126.42714364188058
-127.69509490966797
-153.74950107775237
-180.53492565155028
-191.8323140825544
-179.50959806442262
-180.38759029612822
-216.2424523035685
-183.27511732918876
-189.36853790283203
-258.4622974395752
-157.6936274937221
-211.23292834942157
-200.00090722476736
-127.79594294230144
-148.53721076563784
-169.07173436482748
-174.86602431077225
-180.57758272611179
-165.48374257768904
-199.76379359852183
-99.31702295939128
-148.3578405380249
-136.82672191801527
-243.65380477905273
-192.20272609165735
-179.29054092407227
-121.55872116088867
-251.70840890066964
-218.04327583312988
-258.8699417114258
-117.29003143310547
-164.53728485107422
-187.67849111557007
-158.88694169786243
-214.79912785121374
-133.87437903362772
-152.17047782566237
-193.03870248794556
-173.57723857738353
-248.09876251220703
-178.42757911682128
-155.72358985569167
-171.85850440131293
-146.32000019971062
-160.10609107181944
-166.7239475250244
-221.69527931213378
-149.84910218612006
-163.96523825327554
-298.249201965332
-192.83471431732178
-140.9611597742353
-139.84677418300083
-270.6622492472331
-157.13295364379883
-157.34499189588757
-183.36619440714517
-114.68823018281356
-172.86087926228842
-150.8104760306222
-249.51436195373535
-206.86904830932616
-136.13423500061035
-127.51166076660157
-171.00809701283774
-145.72425725724963
-168.41117452806043
-156.4260926246643
-189.2388939490685
-167.47918466421274
-163.9129680633545
-181.60956120491028
-166.20103073120117
-162.25358000255767
-139.526234181722
-177.26769853674847
-128.81650497436524
-151.86387252807617
-146.28161716461182
-158.34394818260557
-191.4908858405219
-187.13862143622504
-201.92913627624512
-151.24250713471443
-188.99181166939113
-221.56524935635653
-197.64984839303153
-198.31074714660645
-151.94524955749512
-216.17840766906738
-152.3999545055887
-123.91143307685851
-149.82210413614908
-186.41559060414633
-215.6690273284912
-162.65374623174253
-204.5410558912489
-156.06148553663684
-183.5011766607111
-221.30375810102984
-180.68764411078558
-248.6933166503906
-160.4432487487793
-237.4035633632115
-148.2107546879695
-228.08165454864502
-165.79541460673013
-144.98855938630945
-171.50387501716614
-201.58394050598145
-168.3324670791626
-163.1133833665114
-199.78655829796423
-102.7180243174235
-208.4569869041443
-152.0417069753011
-154.61814895043005
-188.99181166939113
-131.30511728922525
-175.44686381022134
-174.02462683783637
-161.42521705627442
-138.00622858319963
-125.75961420271132
-192.24840910538384
-181.6687273979187
-198.53625564575196
-223.6595617021833
-193.31907154963568
-263.4724517822266
-153.90532627812138
-239.88372611999512
-156.84915597098214
-171.4865887290553
-143.24174602826437
-150.24941787719726
-185.4834471482497
